7.08634
6.75002
6.39494
7.22686
7.89028
8.50205
6.4884
5.20729
7.64084
8.72023
5.9984
6.82669
6.77174
7.2104
7.9357
9.22405
6.85105
7.57371
6.11786
7.21863
6.34064
8.42735
8.61163
7.81986
7.17651
8.4619
9.29941
8.08675
8.06667
8.90846
8.34211
6.51111
6.84249
7.46906
8.30328
8.44512
5.34057
6.84414
9.21254
7.08733
5.79338
8.29111
7.03204
8.71529
7.70402
7.38975
7.98144
6.99387
8.54285
6.64241
5.61765
8.14532
6.07178
5.55052
8.17264
5.66307
8.85252
8.62677
9.12763
5.55612
6.69769
7.51085
9.23162
8.37436
8.27794
7.32887
8.04791
9.25005
6.06783
6.63451
4.6416
7.93142
7.5329
9.16449
8.06042
7.65795
6.23205
7.4039
7.94787
8.24931
8.33158
6.75397
8.4257
6.28602
7.3733
8.05219
6.85335
8.49612
7.69942
6.8369
8.43064
7.98572
7.29563
7.84717
6.95635
6.40416
7.54409
6.96754
7.5974
8.01402
6.93562
4.55374
8.34145
7.8814
7.02546
6.29194
6.30708
8.83409
4.82622
8.85449
6.97807
6.91258
6.65064
8.1756
7.98012
7.72147
7.01789
6.25969
6.14517
10.672
9.20924
8.06075
7.54376
7.82184
7.35684
8.46453
6.37158
6.68486
6.72764
8.18317
8.15026
6.66413
8.0953
10.004
7.67901
8.8749
8.55635
7.84915
6.32814
6.02999
8.31842
9.83845
7.29333
7.96663
5.67064
8.26939
7.95182
7.27392
7.04126
6.82571
6.53809
7.68658
6.53052
7.44471
5.96154
7.23541
6.29951
6.81221
7.18967
6.75035
6.37816
7.56318
6.40086
8.53463
7.89127
6.46635
6.95504
6.23797
6.71349
7.68099
8.40826
5.67919
6.91522
7.63722
8.92459
7.14788
7.32163
6.90699
7.0689
8.94236
8.30591
6.93496
8.91636
7.15183
6.36335
8.96869
6.98992
7.15775
8.29769
8.04627
6.1534
7.73924
8.34409
7.63854
7.32064
7.58029
6.50025
7.64808
5.91876
5.70157
6.0346
8.35067
6.64537
6.30971
6.43673
6.69704
7.30024
7.13899
7.62768
7.81624
7.20942
7.14755
9.04339
6.59436
8.43722
5.39552
8.609
7.29136
6.36796
7.3269
7.70534
7.85935
6.75956
6.47458
7.92912
5.62983
9.25762
9.21319
4.96311
6.00926
9.31653
7.47696
6.30444
9.28427
6.82406
7.43714
8.81138
9.10756
6.25179
7.14459
6.75002
7.01032
7.24529
7.26437
9.24347
8.74228
6.86059
8.04265
7.58194
6.03262
6.60522
6.36499
9.41854
6.63484
7.53751
7.6823
6.53809
8.53397
6.4262
7.09226
5.65188
7.2058
6.54303
6.69967
8.12262
7.57502
8.50106
9.74861
9.27374
6.7464
7.05804
6.80596
7.23146
9.59789
6.85006
8.65507
7.47367
6.97807
8.96177
7.50328
7.45952
8.10123
9.67819
8.82191
6.26759
7.6359
7.51513
7.16795
6.77898
6.19519
7.73891
9.18423
10.0343
9.15067
7.76951
8.08806
7.8429
6.83986
7.07581
5.88914
7.72509
7.17684
8.40398
5.9803
8.69588
6.60457
9.27934
7.8146
5.69762
7.38942
6.72501
8.78769
8.05976
8.10386
5.33728
9.37444
7.53948
7.56482
6.57725
8.48954
7.88601
5.85953
6.92279
6.73653
8.78572
8.17922
7.19888
7.21896
5.9362
8.14466
8.69982
7.91332
8.68535
7.71455
8.33191
7.68954
8.54483
7.11859
7.48091
6.10305
6.69671
9.0549
8.37634
7.00802
7.29366
6.99387
9.50015
8.60373
9.27835
7.59905
6.65656
7.89752
7.43023
7.81394
7.71719
8.32763
5.92798
7.10312
8.2786
8.79723
8.31414
8.63532
7.62373
6.52526
8.57774
9.47547
7.28214
7.37034
7.19099
8.14631
7.39633
7.38514
6.39659
7.09259
7.39403
7.75339
7.83171
6.97577
6.99551
7.34335
7.31999
7.9255
7.912
6.93727
8.83442
8.51422
7.75931
5.38565
9.06313
5.32444
9.64528
8.4178
7.56943
7.31538
6.82505
7.13603
8.05976
5.7868
4.4333
6.89416
7.33578
6.14352
8.01237
7.5849
8.24832
9.19049
6.29161
7.18243
5.53835
8.86305
8.34211
6.25212
8.7301
8.83508
8.7561
7.87218
6.73653
8.93643
7.21139
8.53265
8.21969
6.45286
8.03705
6.47589
6.94747
10.0889
5.89474
7.0689
8.98349
5.59166
8.32204
7.77708
7.46676
6.98498
7.28181
5.96483
8.48395
7.29399
6.65886
8.23154
7.29267
8.57905
7.97058
7.20283
8.32434
7.77149
7.70073
6.77273
8.83837
6.1297
6.70823
5.42383
8.34606
6.61049
8.53693
6.98136
8.63072
6.62727
7.12385
8.26116
6.5608
6.14188
7.84224
7.92221
5.71769
6.37355
7.85507
8.25129
5.79009
9.16449
6.81616
7.57766
9.14244
7.26338
6.70395
8.36943
8.14697
7.8531
8.17165
8.01007
6.01123
8.8614
8.12031
6.93759
5.1859
8.57214
9.45671
7.8791
7.93504
6.62398
6.36006
7.03928
8.34968
8.72747
5.83287
7.7083
7.51645
7.85244
7.49572
5.6634
8.39246
6.23632
6.21822
8.42109
9.36062
8.24602
9.1148
5.83254
6.57199
8.4155
8.80974
6.74245
7.90641
6.3255
6.34426
7.40818
7.4582
6.60851
5.59297
7.20316
6.45747
7.29563
7.58687
7.48749
8.38753
6.60818
6.90469
9.93685
8.19798
6.25739
7.06659
9.47909
8.37634
7.72278
7.1357
6.70099
5.40638
7.0949
7.51908
7.35224
8.80612
6.56639
6.1218
7.80012
8.95881
8.37732
7.82282
7.90674
7.60497
5.71736
7.34631
7.50789
6.24521
6.79675
5.89737
8.609
9.31093
7.76787
6.48182
8.81171
7.52533
8.43952
6.51703
7.22455
8.95256
6.24159
8.14993
8.24174
7.44734
8.44544
8.02257
6.7306
7.41608
7.83566
9.81081
8.73273
7.33085
6.38869
5.81773
6.545
7.912
8.23055
8.23681
8.38983
6.99551
8.39937
7.96531
7.65071
6.21691
9.98785
8.21542
7.5329
7.11267
6.72797
5.19676
8.48724
7.93833
8.88016
9.30369
7.37198
5.76179
7.67145
8.64618
6.38441
6.32649
6.38507
7.12715
5.64628
7.62241
6.29819
5.36525
8.5626
9.46132
9.44882
8.19468
9.21155
5.48503
7.44964
7.16927
5.9599
7.42562
8.30131
7.08239
5.65912
5.26587
6.77865
6.80136
6.442
6.61016
8.09859
6.83393
8.37239
7.3473
9.50246
7.88568
6.63517
7.65335
8.61492
7.551
8.4234
7.40061
7.50954
5.14049
6.18729
8.46058
7.46511
8.20851
5.57619
8.08247
7.52467
6.33669
7.75372
6.45418
7.00078
7.89489
8.19666
7.37922
6.83986
7.11925
9.45836
6.92509
7.1719
6.9603
7.05211
6.50814
5.78713
6.442
7.11925
7.95478
7.56515
7.83763
7.42299
7.56318
6.44134
8.09102
7.72607
9.14935
5.87861
8.81435
8.09333
9.81015
7.11892
6.44134
7.56416
7.55528
7.21172
6.81814
9.8368
7.05014
7.41279
7.05179
6.80037
6.42291
6.82176
7.26042
6.27976
7.66157
7.73035
8.8206
7.31209
6.61542
7.84948
7.69185
7.09819
6.59107
5.51004
6.87606
8.39213
6.26265
7.90542
8.53825
7.91299
8.37107
7.99362
7.82216
7.38317
9.34088
7.37001
8.81369
8.51324
7.42529
6.09811
7.86363
7.66421
6.4884
7.69284
6.77569
5.68413
5.82168
8.83113
5.76706
8.19765
7.98473
7.71554
8.325
5.72395
7.60365
7.23837
8.09859
7.8791
8.67909
8.17889
7.75108
7.91562
5.59791
7.474
8.5524
6.83591
8.36482
7.94952
6.41995
8.14006
8.98547
8.45927
8.64487
4.45765
5.99083
9.16877
6.85927
8.59814
7.66881
7.0814
6.6072
6.47524
7.71126
6.33406
6.96524
7.19559
4.61626
8.53693
7.49769
5.92995
8.7176
6.86717
6.60917
6.07211
6.26397
7.97848
9.37642
6.2949
8.1575
8.37173
7.35684
7.34664
5.9599
7.73167
7.01954
6.93529
8.09695
7.66815
7.82052
9.08288
7.29136
5.5808
6.95635
7.82282
5.70519
5.87335
8.34771
8.10715
6.60457
7.86231
8.32006
7.05903
7.79189
8.248
6.83624
7.54146
6.63352
7.81262
7.02085
6.98136
8.64948
6.68914
6.5009
6.38803
5.82695
7.92056
7.99855
8.52772
6.29325
6.48873
7.94195
6.36993
7.11168
9.50377
6.69342
6.38441
7.99394
8.15454
6.32978
7.64479
7.94656
7.72541
7.90345
9.17403
6.09285
8.11735
7.33216
9.70517
7.11596
6.10634
8.21739
4.25526
8.59189
9.4498
5.80161
7.00868
7.06528
9.22899
7.56581
8.81402
5.60943
6.29687
7.97486
8.3148
7.0893
8.01632
7.05146
8.97954
7.95413
8.14894
7.09259
8.54943
6.02308
7.76392
9.17107
7.41542
8.2661
7.95643
4.07624
7.5714
7.82052
7.44899
8.86108
6.17215
5.85624
6.77075
8.29505
6.70296
6.91653
6.47919
8.04462
6.0754
6.45582
7.96729
8.454
8.57214
8.16967
6.68881
7.68033
9.39024
6.9195
8.69259
9.37543
8.55766
7.35553
7.05146
8.61558
8.22661
7.3677
8.46519
7.50625
7.41707
8.21607
8.48296
8.15223
7.23772
7.72673
8.28189
9.92928
7.01789
9.78448
6.88527
8.73997
7.09917
5.98655
6.46964
6.82933
7.55627
6.19256
6.40547
8.28485
8.79822
9.47119
8.01139
7.18243
6.95964
6.51374
7.48288
6.15372
4.82029
5.03979
7.86659
10.2903
7.71752
7.4661
5.54822
8.99764
9.7723
6.89646
7.2703
8.65408
6.40119
5.99774
7.86034
6.5835
6.76976
9.88485
8.20061
8.54746
7.51809
5.97734
5.96779
7.80242
8.49448
10.206
4.31581
7.39831
6.9705
5.62456
8.29703
9.67391
8.42965
6.05566
6.41666
6.40481
8.42076
7.05903
8.14697
10.2054
6.04842
9.21023
8.0206
7.60497
9.52714
7.88634
7.80637
7.79189
8.45663
8.58103
5.57224
8.64059
7.55034
7.34862
6.0007
7.77247
7.13208
6.31234
7.86988
7.55824
8.16737
8.30394
6.18828
6.65557
6.28733
7.71554
6.92015
7.04948
8.96507
7.62603
8.9111
6.33636
7.33282
6.46405
7.83204
7.18605
7.62208
7.98309
7.73759
7.69185
5.26817
7.38482
8.50205
6.84249
6.5654
6.86947
7.97815
6.43772
7.35454
9.77954
7.8758
5.82102
6.43575
5.74303
7.13702
7.33611
8.63631
7.79353
7.0735
6.70033
8.4461
6.04579
7.02414
5.83847
8.43294
7.47762
7.61057
9.55807
8.44742
7.8712
7.95182
5.09475
9.06379
6.9139
5.83912
7.84586
6.82867
6.72238
6.86289
8.90715
9.48831
8.02225
8.94433
6.97379
7.93767
7.27622
8.38983
8.20192
9.0085
5.75159
5.5209
5.70782
8.09958
8.47375
6.55257
5.92501
7.92188
8.1315
6.22415
5.44916
8.7765
7.21731
8.20094
7.22357
6.94286
7.31439
7.15907
5.51103
7.15874
8.56655
7.72936
6.57857
9.22767
7.43977
8.83277
8.39312
7.04915
8.08773
7.17486
8.93841
7.78794
6.8958
7.26898
7.99724
6.73027
7.58095
8.68765
7.47827
6.3854
7.58983
8.66856
6.03295
8.81204
6.81353
7.26964
8.06338
7.39633
7.16532
7.46182
7.90608
7.47959
6.60917
5.6295
8.25326
7.4582
7.44076
6.2508
8.09037
7.04422
6.70921
6.77009
7.52829
8.14598
8.82981
8.21706
7.74154
7.58687
8.74359
6.9501
7.18638
8.37502
7.2058
8.27663
8.71134
7.82118
7.36474
6.74377
7.02513
5.42021
8.83606
9.22767
7.00473
6.02242
6.99321
7.85376
6.71909
6.75463
6.90107
10.236
5.63049
8.57642
6.54533
8.83146
7.00604
7.20053
7.15709
8.22134
6.87211
7.64907
7.00901
6.89778
6.42653
7.41377
8.506
7.9663
8.5524
6.30642
7.28642
5.65583
7.49012
9.51035
7.48584
5.41626
7.70337
7.41377
7.35125
8.31644
9.0865
7.28675
7.77214
6.66248
8.67745
7.71817
9.38859
5.22934
6.97412
6.97412
8.60044
7.82381
5.87368
6.04513
8.30953
8.31974
8.84363
7.36606
8.10057
6.23369
8.20258
5.75817
7.00703
6.95569
8.28683
7.2624
6.08923
7.60168
6.73653
7.50756
6.83723
7.85178
8.34047
6.48972
7.43516
5.97503
8.46585
7.96235
5.99379
9.33166
7.81262
7.99954
8.31875
7.4457
6.97774
5.54558
6.5914
7.92418
7.01789
7.64479
7.5566
8.67416
7.65828
9.45375
10.0846
8.12163
8.08148
7.81723
6.98399
5.73546
7.37692
7.89719
7.51579
8.46025
7.96367
8.7765
7.77313
7.30748
7.3496
7.79683
8.40036
7.16927
6.40086
5.71309
6.7362
8.89563
7.09391
6.48412
6.84315
6.89547
9.01706
7.47367
6.48774
6.38836
9.78415
8.21706
9.04766
6.60687
9.1408
7.40686
7.24726
7.75668
6.81353
7.74582
8.07589
9.85984
6.31103
6.69934
7.66388
9.32409
8.70904
7.88502
5.39256
8.41287
8.99666
7.89456
8.22825
8.0308
5.98688
7.41608
6.07475
7.85244
8.29374
7.60727
7.41377
7.1979
8.46223
8.50797
8.02718
7.4141
9.01476
6.34624
6.97116
9.03944
7.90674
6.05171
7.79485
6.90337
8.82488
4.58698
8.42504
5.95628
7.32723
7.30748
8.34047
7.88666
8.75445
9.88156
8.6939
6.93891
7.41213
8.63467
6.22744
7.0768
6.27581
6.1659
7.82743
6.42357
9.41558
6.39988
7.27885
8.9055
6.90469
7.51118
9.9046
8.92031
8.06042
10.2027
6.97807
8.09826
6.88395
7.19823
6.14221
7.17848
8.68337
6.48379
6.39955
5.19182
6.74146
8.21509
7.8814
7.55363
6.80991
8.25129
7.85771
8.71924
7.99296
8.56556
7.77642
6.5654
7.50197
5.73579
7.94425
7.54672
7.33907
6.72962
7.79715
6.75528
9.11052
7.52895
7.52106
4.96377
7.12517
7.65466
5.07006
6.37849
7.71225
6.85467
9.42841
8.37074
9.02101
5.06546
7.78037
8.34442
8.51686
7.43154
7.61155
6.87836
5.47878
9.14935
9.67128
7.17651
8.84824
8.64915
7.2206
8.428
8.37798
8.12689
7.39798
8.03804
8.82685
7.96531
6.37289
8.196
8.06634
7.58885
7.27984
7.76951
7.06791
5.65286
7.11859
5.80951
7.48189
7.40061
6.79412
7.18375
7.66815
9.13059
8.56523
6.7826
7.21106
8.56293
5.83188
6.76812
7.90674
6.94418
7.44932
7.69547
8.69094
10.6085
8.48559
6.5891
8.16507
7.43385
6.15504
7.74516
6.43871
6.68782
7.16137
8.69226
7.75931
7.48387
8.20818
5.97471
7.86791
7.53422
7.78004
6.48873
6.30708
7.4039
5.77923
8.49448
6.52493
7.00933
8.01797
7.38745
6.87902
7.69119
7.45458
8.14072
7.29234
7.97815
7.83335
6.04315
8.25984
7.21073
6.9784
7.84323
8.63532
7.46774
9.18292
5.18853
5.28364
7.66486
6.52295
7.84224
8.16013
8.28123
8.77486
6.35808
7.30913
6.77207
7.48716
6.5891
7.50493
9.38827
7.56219
8.62085
8.30427
6.95964
8.43228
8.64553
6.08923
6.6717
7.43056
8.8647
7.40621
8.79197
7.60365
9.39156
8.8433
8.35857
